filename,graphname,n,m,contracted_n,contracted_m,scc_n,scc_m,num_cycles,size_of_cycles...,routings_over_cycle...,
sc3.graph,278-1.graph,27,59,25,58,2,8,1,24,5400743040,0
sc3.graph,285-1.graph,109,409,108,408,3,13,1,106,0
sc3.graph,288-1.graph,18,65,16,64,2,11,1,15,0
sc3.graph,289-1.graph,13,28,12,27,3,6,1,10,5544,5544,4
sc3.graph,292-1.graph,24,68,23,68,2,10,1,22,2303197169919544028160,0
sc3.graph,295-1.graph,36,75,33,73,2,8,1,32,56279033662320,0
sc3.graph,299-1.graph,24,71,23,71,2,9,1,22,15112280784425174899200,0
sc3.graph,300-1.graph,8,16,4,13,2,7,1,3,9,4
sc3.graph,305-1.graph,32,102,31,102,2,12,1,30,0
sc3.graph,308-1.graph,16,42,15,42,2,8,1,14,104521131,0
sc3.graph,309-1.graph,10,25,8,24,2,10,1,7,1080,540,60,2160,1080,240,216,60,216,540,1080,864,6
sc3.graph,311-1.graph,7,12,4,10,2,5,1,3,8,4
sc3.graph,316-1.graph,17,61,16,61,2,14,1,15,0
sc3.graph,317-1.graph,30,84,29,84,2,7,1,28,0
sc3.graph,319-1.graph,8,14,5,12,3,8,2,2,2,1,1,3
sc3.graph,320-1.graph,10,22,8,21,2,7,1,7,144,4
sc3.graph,323-1.graph,20,61,19,61,2,10,1,18,20378767362735600,0
sc3.graph,328-1.graph,17,35,13,32,2,6,1,12,84150,4
sc3.graph,336-1.graph,14,35,13,35,2,5,1,12,387072,0
sc3.graph,338-1.graph,19,52,15,49,2,10,1,14,22651889977080,0
sc3.graph,342-1.graph,14,35,12,34,2,7,1,11,1121760,0
sc3.graph,345-1.graph,14,27,10,24,2,8,1,9,4,4
sc3.graph,350-1.graph,13,25,11,24,3,8,2,2,8,1,30,4
sc3.graph,351-1.graph,18,63,16,62,2,15,1,15,0
sc3.graph,352-1.graph,16,41,14,40,2,7,1,13,92324232,0
sc3.graph,353-1.graph,17,42,13,39,2,8,1,12,15137280,0
sc3.graph,354-1.graph,23,64,22,64,2,8,1,21,1526961128301840,0
sc3.graph,357-1.graph,21,57,20,57,2,11,1,19,23441298647256,0
sc3.graph,366-1.graph,18,53,17,53,2,9,1,16,1116956474995400,0
sc3.graph,368-1.graph,15,37,13,36,2,7,1,12,6188490,0
sc3.graph,371-1.graph,24,65,22,64,2,8,1,21,183552647026560,0
sc3.graph,377-1.graph,10,23,8,22,2,8,1,7,320,4
sc3.graph,378-1.graph,15,44,14,44,2,11,1,13,63748608000,0
sc3.graph,381-1.graph,21,42,16,38,2,8,1,15,43848,4
sc3.graph,382-1.graph,31,107,30,107,2,10,1,29,0
sc3.graph,389-1.graph,17,47,16,47,2,8,1,15,11243540000,0
sc3.graph,390-1.graph,19,50,18,50,2,8,1,17,2555917936,0
sc3.graph,391-1.graph,9,17,5,13,3,8,1,3,16,4
sc3.graph,394-1.graph,18,36,16,34,3,8,1,14,231,4
sc3.graph,395-1.graph,17,49,15,48,2,11,1,14,1752040243200,0
